39.263
204.167
96.15
43.719
273.245
96
42.585
266.159
100
39.076
195.379
100
67.997
373.982
100
35.020
175.102
86.67
44.161
264.963
95.83
67.421
337.104
96.67
38.090
257.105
100
53.813
269.067
96.67
50.338
261.756
100
44.741
232.653
100
33.414
208.835
100
57.144
300.007
100
42.391
222.554
85.71
20.636
128.977
100
9.974
62.339
96
60.321
301.605
100
37.315
194.039
100
35.379
191.044
100
43.375
216.873
93.33
56.929
296.028
100
32.818
164.088
96.67
49.930
259.637
92.31
21.700
135.628
100
31.184
162.155
100
51.952
324.701
100
39.881
209.373
100
