11.543
57.715
72
41.091
256.822
100
43.000
223.598
92.31
52.638
328.988
100
54.799
342.493
100
48.005
300.032
100
48.397
241.984
93.33
34.944
218.398
100
61.986
322.329
100
56.915
295.959
100
42.329
264.558
100
35.295
220.593
100
63.163
328.450
100
49.802
311.262
100
31.457
196.603
100
77.308
402.004
100
20.738
129.610
64
51.617
322.607
96
30.811
207.976
92.59
38.176
206.151
96.30
48.590
303.687
96
53.338
266.689
96.67
45.906
275.435
95.83
43.425
225.812
92.31
44.186
229.766
92.31
58.922
294.609
96.67
